clearvars;
M1=500;
M2=100;
K1=10000;
K2=50000;
b1=100;
b2=30000; 