clearvars;
M1=500;
M2=100;
K1=300;
K2=2000;
b1=10;
b2=400;